1111001111000000001
1000001111000000001
1000001111000000001
1000001111000000001
1000001111000000001
<<<<<<< HEAD
1000001111110000001
1000000000110000001
1000000000110000001
1000000000110000001
1000000000110000001
1000000000110000001
1000000000000000001
1000000000000000001
=======
1000001111000000001
1000001111000000001
1000001111000000001
1000001111000000001
1000001111000000001
1000001111000000001
1000001111000000001
1000001111000000001
>>>>>>> c102373149aea0bc190dd13c6298064d1eca163f
1000000000000000001
1000000000000000001
1011111111111111111
